structure(c(0.318478, 0.319239, 0.322426, 0.330606, 0.322235, 
0.30849, 0.348633, 0.308347, 0.323234, 0.325993, 0.320285, 0.330083, 
0.333698, 0.309013, 0.33113, 0.330892, 0.324328, 0.325993, 0.326088, 
0.333413, 0.33541, 0.304828, 0.356718, 0.320809, 0.30088, 0.336314, 
0.325422, 0.301879, 0.312913, 0.343448, 0.31434, 0.316718, 0.32547, 
0.328086, 0.327943, 0.327515, 0.324185, 0.329941, 0.313199, 0.332366, 
0.335363, 0.343971, 0.305636, 0.316433, 0.341926, 0.322331, 0.334507, 
0.322473, 0.352485, 0.314197, 0.318002, 0.332271, 0.336124, 0.337218, 
0.328894, 0.326706, 0.327562, 0.338502, 0.333888, 0.325232, 0.322426, 
0.332937, 0.32604, 0.360618, 0.325565, 0.301546, 0.333413, 0.342021, 
0.320571, 0.299738, 0.321189, 0.327134, 0.315386, 0.318716, 0.32799, 
0.300404, 0.330416, 0.326801, 0.310107, 0.325327, 0.309156, 0.317099, 
0.314911, 0.328989, 0.335363, 0.317241, 0.33132, 0.32195, 0.335981, 
0.352913, 0.353246, 0.332699, 0.313864, 0.310297, 0.320143, 0.324281, 
0.339881, 0.323948, 0.339834, 0.334744, 0.357812, 0.320809, 0.33365, 
0.329608, 0.344542, 0.322283, 0.321189, 0.342117, 0.326468, 0.355339, 
0.353008, 0.326944, 0.331558, 0.329512, 0.336742, 0.348585, 0.332366, 
0.325089, 0.321474, 0.324423, 0.325707, 0.340499, 0.351344, 0.351677, 
0.332271, 0.322568, 0.341308, 0.355862, 0.325612, 0.31786, 0.336124, 
0.360285, 0.318145, 0.310297, 0.324328, 0.347586, 0.341451, 0.325755, 
0.327039, 0.346873, 0.326659, 0.328276, 0.32176, 0.329655, 0.345969, 
0.34497, 0.331367, 0.35201, 0.314245, 0.304637, 0.345636, 0.329084, 
0.319049, 0.313579, 0.330083, 0.322283, 0.335981, 0.343591, 0.32, 
0.329608, 0.348728, 0.325755, 0.349394, 0.349013, 0.322093, 0.330702, 
0.336932, 0.323092, 0.361046, 0.328038, 0.321665, 0.332414, 0.328656, 
0.336076, 0.342259, 0.302117, 0.314673, 0.347111, 0.326088, 0.342069, 
0.33698, 0.306302, 0.329417, 0.32956, 0.320666, 0.348966, 0.338264, 
0.34459, 0.337408, 0.316623, 0.314293, 0.341118, 0.329037, 0.338977, 
0.351486, 0.352057, 0.31805, 0.326659, 0.340785, 0.322426, 0.313674, 
0.33912, 0.338216, 0.320761, 0.339215, 0.315054, 0.347967, 0.317337, 
0.313151, 0.340547, 0.313294, 0.351011, 0.31962, 0.333413, 0.348775, 
0.341403, 0.34654, 0.323662, 0.298549, 0.324043, 0.32195, 0.310725, 
0.314625, 0.350916, 0.321284, 0.335505, 0.3639, 0.298502, 0.354625, 
0.340262, 0.335172, 0.315054, 0.334554, 0.322568, 0.337741, 0.318335, 
0.32956, 0.313341, 0.341974, 0.329512, 0.32352, 0.32, 0.330559, 
0.322711, 0.353103, 0.31453, 0.330464, 0.332176, 0.305303, 0.330273, 
0.327372, 0.310202, 0.341308, 0.316005, 0.341926, 0.342782, 0.350725, 
0.304923, 0.326516, 0.310963, 0.350012, 0.347586, 0.329465, 0.320285, 
0.336647, 0.322711, 0.352961, 0.3483, 0.332319, 0.326944, 0.336219, 
0.316005, 0.339548, 0.324518, 0.345731, 0.356813, 0.31981, 0.336124, 
0.335981, 0.330321, 0.314483, 0.314007, 0.351296, 0.330416, 0.331225, 
0.347634, 0.342973, 0.334221, 0.333365, 0.348585, 0.359334, 0.334839, 
0.334887, 0.33503, 0.330464, 0.343924, 0.321617, 0.299501, 0.327515, 
0.333888, 0.343306, 0.344875, 0.323092, 0.342782, 0.328228, 0.332224, 
0.341118, 0.325327, 0.33522, 0.344923, 0.319239, 0.322378, 0.316005, 
0.329608, 0.333746, 0.352818, 0.336504, 0.340262, 0.34635, 0.340262, 
0.340024, 0.323805, 0.325803, 0.333841, 0.333413, 0.333175, 0.342069, 
0.320523, 0.333127, 0.323948, 0.309251, 0.326849, 0.338692, 0.350345, 
0.33365, 0.328894, 0.337455, 0.342021, 0.330131, 0.347967, 0.342449, 
0.324233, 0.317051, 0.308823, 0.334126, 0.319001, 0.328799, 0.324709, 
0.346254, 0.315006, 0.31805, 0.349203, 0.347586, 0.32742, 0.322045, 
0.32918, 0.322759, 0.34635, 0.312342, 0.331891, 0.335886, 0.32585, 
0.337551, 0.322188, 0.317955, 0.352057, 0.329037, 0.29308, 0.328514, 
0.327372, 0.348347, 0.322283, 0.316766, 0.348728, 0.338169, 0.354721, 
0.347111, 0.314245, 0.331177, 0.324899, 0.332128, 0.350916, 0.324138, 
0.3239, 0.329655, 0.328514, 0.313579, 0.323092, 0.344257, 0.324614, 
0.312247, 0.33346, 0.336742, 0.344019, 0.347919, 0.336361, 0.351819, 
0.315006, 0.332224, 0.337122, 0.305874, 0.317479, 0.338359, 0.336314, 
0.323424, 0.334554, 0.349156, 0.338644, 0.344923, 0.330654, 0.334126, 
0.312675, 0.323853, 0.298644, 0.328181, 0.329988, 0.314673, 0.328276, 
0.33308, 0.325375, 0.345208, 0.320238, 0.31063, 0.319952, 0.345398, 
0.309584, 0.332461, 0.320476, 0.344162, 0.344019, 0.32371, 0.349822, 
0.333841, 0.329608, 0.332033, 0.328989, 0.307253, 0.319477, 0.333413, 
0.335077, 0.310868, 0.339025, 0.345969, 0.331748, 0.330702, 0.312438, 
0.321807, 0.347824, 0.322521, 0.353532, 0.307681, 0.311629, 0.322331, 
0.330321, 0.319952, 0.341403, 0.316528, 0.321046, 0.327372, 0.303115, 
0.329227, 0.332842, 0.327658, 0.337551, 0.337741, 0.349298, 0.355719, 
0.313769, 0.309394, 0.332224, 0.326754, 0.348442, 0.340357, 0.344114, 
0.339548, 0.338407, 0.353532, 0.330702, 0.351629, 0.326801, 0.325375, 
0.329703, 0.352152, 0.319429, 0.309346, 0.313627, 0.294316, 0.354293, 
0.324851, 0.31591, 0.315719, 0.322473, 0.31239, 0.31824, 0.313389, 
0.314435, 0.341165, 0.301403, 0.335315, 0.329608, 0.317337, 0.323329, 
0.320999, 0.350535, 0.32547, 0.327848, 0.326944, 0.31805, 0.291463, 
0.321046, 0.324709, 0.318145, 0.308205, 0.314625, 0.326231, 0.308585, 
0.32409, 0.352105, 0.327134, 0.316813, 0.341165, 0.296409, 0.353103, 
0.307729, 0.340832, 0.322759, 0.326278, 0.341641, 0.351772, 0.311867, 
0.321665, 0.331748, 0.345874, 0.315196, 0.346254, 0.328894, 0.319287, 
0.314388, 0.315244, 0.329512, 0.360856, 0.3356, 0.351296, 0.298169, 
0.332604, 0.313246, 0.339691, 0.316813, 0.320571, 0.32604, 0.332081, 
0.340166, 0.349679, 0.326278, 0.337598, 0.309964, 0.324233, 0.343876, 
0.335505, 0.336599, 0.347348, 0.349489, 0.336029, 0.315291, 0.334174, 
0.322616, 0.328038, 0.337455, 0.342973, 0.316861, 0.344923, 0.349727, 
0.302307, 0.341118, 0.326659, 0.343353, 0.346825, 0.32214, 0.35453, 
0.339881, 0.324756, 0.324946, 0.301879, 0.307063, 0.34887, 0.318716, 
0.305874, 0.330702, 0.330416, 0.313294, 0.336837, 0.311011, 0.356956, 
0.30868, 0.335077, 0.351344, 0.32176, 0.344542, 0.32918, 0.336932, 
0.339405, 0.355196, 0.335125, 0.34868, 0.346017, 0.335838, 0.313627, 
0.343496, 0.321807, 0.372889, 0.364471, 0.335268, 0.335363, 0.356338, 
0.336932, 0.325422, 0.31981, 0.334126, 0.345446, 0.314435, 0.331367, 
0.32604, 0.325375, 0.335315, 0.309822, 0.315434, 0.3522, 0.341879, 
0.332556, 0.312818, 0.348823, 0.342925, 0.339501, 0.313627, 0.341213, 
0.328609, 0.323282, 0.327658, 0.365993, 0.3317, 0.321094, 0.32409, 
0.323805, 0.335268, 0.366611, 0.328466, 0.321617, 0.336647, 0.343163, 
0.321237, 0.34849, 0.35258, 0.361807, 0.315244, 0.328323, 0.332461, 
0.34673, 0.319429, 0.35434, 0.334364, 0.313151, 0.355196, 0.318906, 
0.335077, 0.349727, 0.316338, 0.31201, 0.353341, 0.333746, 0.333746, 
0.321237, 0.344828, 0.328799, 0.348205, 0.339834, 0.326611, 0.325375, 
0.317669, 0.309727, 0.336694, 0.336171, 0.308585, 0.314911, 0.339976, 
0.348918, 0.336694, 0.344257, 0.318573, 0.321379, 0.333365, 0.320143, 
0.339786, 0.322996, 0.344923, 0.343734, 0.350583, 0.351439, 0.333127, 
0.335696, 0.354911, 0.307063, 0.347206, 0.337218, 0.325707, 0.323329, 
0.351677, 0.323424, 0.347444, 0.334126, 0.340832, 0.325184, 0.311534, 
0.314007, 0.321665, 0.347872, 0.318335, 0.317527, 0.314721, 0.335838, 
0.317194, 0.342925, 0.316005, 0.330178, 0.329084, 0.353484, 0.343543, 
0.331605, 0.313389, 0.34126, 0.312105, 0.344067, 0.341926, 0.33874, 
0.328609, 0.333127, 0.320095, 0.309013, 0.340119, 0.322806, 0.332366, 
0.319287, 0.334459, 0.340071, 0.340452, 0.326659, 0.311914, 0.351153, 
0.310916, 0.30887, 0.321237, 0.339263, 0.329417, 0.332937, 0.342402, 
0.325707, 0.330083, 0.327943, 0.340404, 0.33151, 0.31239, 0.318906, 
0.34264, 0.324518, 0.327562, 0.312866, 0.311629, 0.358954, 0.337313, 
0.327515, 0.33346, 0.355006, 0.303258, 0.304923, 0.335981, 0.340452, 
0.338835, 0.320666, 0.319477, 0.311011, 0.33736, 0.324185, 0.326944, 
0.320095, 0.347444, 0.325803, 0.34283, 0.317241, 0.322235, 0.359334, 
0.318193, 0.31648, 0.321712, 0.323805, 0.334411, 0.327372, 0.336647, 
