structure(c(0.304875, 0.333698, 0.349536, 0.355196, 0.315196, 
0.320095, 0.336932, 0.325612, 0.322759, 0.343401, 0.324804), .Names = c("obs", 
"", "", "", "", "", "", "", "", "", ""))
