structure(list(obs = 9.98164312927377, ci = structure(c(2.18733862115002, 
2.48946291997071, 0.429702616130572, 2.66239848356282, -0.462492167721491, 
1.00760511366121, -0.618860774676254, 0.212263225076646, -0.565909378366011, 
-0.0932334020314875, -0.899942738852382, 0.323421067507795, -0.510953639712903, 
3.84292463557271, -0.536418692281426, 0.942719256182902, 0.140198710666051, 
-0.589640530488365, -0.664702536390174, -0.275462203660153, 0.782618920718095, 
0.22358795435779, 1.01032943892934, -0.305038311701896, -0.901443770595898, 
-0.826592415230962, -0.750221061925508, -1.14659696107594, -0.662734631164442, 
-0.602071767057804, -1.19770248317883, -0.416954514993916, -0.923568044352379, 
-0.32293316484804, -1.63581191110916, -1.16647271887012, -1.18639817720583, 
-1.03844507271764, -1.06274235008602, -1.04925884408114, -1.18514910077246, 
-1.01635962991911, -1.08193217731667), .Names = c("Ft Vall 31", 
"K Out 39", "K In 38", "K Out 29", "Kiwi 10", "Ft Vall 5", "Kiwi 18", 
"K In 15", "Kiwi 28", "K In 49", "K Out 23", "K In 13", "K Out 33", 
"Ft Valley 6", "Thorpe 4", "K In 30", "Kendrick Out 37A", "Grnhs 10", 
"K Out 25", "Thorpe 5", "Kiwi 17", "K In 21", "Ft Vall 28", "K Out 21", 
"K In 28", "Kiwi 2", "Kendrick In #9A", "Grnhs 1", "K Out 40", 
"Grnhs 14", "Ft Valley 13", "K Out 2", "K Out 24", "Grnhs 7", 
"Kendrick In 23A", "Grnhs 4", "Ft Vall 34", "K Out 38", "K In 44", 
"Thorpe 2", "Grnhs 8", "Grnhs 13", "K In 24")), cj = structure(c(5.89527763426411, 
0.120572974712401, -0.210060823569851, 3.99547861814844, 0.452156818896972, 
-0.0464390102475347, 0.628502370740388, -1.10300337443611, -0.19297651371261, 
-0.451936757257277, 3.39927475953332, -1.63493866423407, -0.322872392597726, 
-0.0844059307970386, 1.10165396199343, 0.876481584920182, -0.925026660106494, 
0.478810586390541, 0.492042536144151, -0.742829592752478), .Names = c("Grey.Beetle", 
"Tiny.Fly", "SkinnyBlackFly", "Microbutterfly", "Syrphid.Fly", 
"BrightGreenFly", "HoneyBee", "BigBlackFly", "OrangeYellowHairyBee", 
"BlackGreyFly", "HumpbackFly", "RedBlackFly", "FruitFly", "BlackOrangeButterfly", 
"SkinnyBee", "BlackWhiteFly", "LargeHairyFly", "BlackYellowFly", 
"GreyMoth", "BrownFly"))), .Names = c("obs", "ci", "cj"))
