structure(list(obs = 9.98484220287466, ci = structure(c(-0.121565204959501, 
0.429609277025613, -1.57474128112047, 0.511550127643822, -1.65002457040472, 
-0.864160072446528, -1.49751881714194, -1.30678344412911, -1.42551161508342, 
-1.1599449337142, -2.0840093198629, -0.952710424491992, -1.39184161492078, 
1.02873576438415, -1.35388893745998, -0.267383211992122, -1.13175857045317, 
-1.17359589645666, -1.78022152554164, -1.12958526717109, -0.637543746535434, 
-0.682160437815698, -0.191818726204524, -1.3295360721436, -1.54296060972483, 
-1.60839668367154, -1.37716816523051, -1.56323100122826, -1.29239767380415, 
-1.3895068971173, -1.57107728593059, -1.18497544374018, -1.68343453421996, 
-1.3864260427989, -2.09941397924145, -1.63534792519831, -1.76044996555936, 
-1.89396616785638, -1.7838459414774, -2.23558460727304, -1.88097564105162, 
-2.12293199091251, -2.24765454938401), .Names = c("Ft Vall 31", 
"K Out 39", "K In 38", "K Out 29", "Kiwi 10", "Ft Vall 5", "Kiwi 18", 
"K In 15", "Kiwi 28", "K In 49", "K Out 23", "K In 13", "K Out 33", 
"Ft Valley 6", "Thorpe 4", "K In 30", "Kendrick Out 37A", "Grnhs 10", 
"K Out 25", "Thorpe 5", "Kiwi 17", "K In 21", "Ft Vall 28", "K Out 21", 
"K In 28", "Kiwi 2", "Kendrick In #9A", "Grnhs 1", "K Out 40", 
"Grnhs 14", "Ft Valley 13", "K Out 2", "K Out 24", "Grnhs 7", 
"Kendrick In 23A", "Grnhs 4", "Ft Vall 34", "K Out 38", "K In 44", 
"Thorpe 2", "Grnhs 8", "Grnhs 13", "K In 24")), cj = structure(c(0.501550464099286, 
-1.43924345369446, -1.34052809230594, 2.95476626811073, -1.08142398501886, 
-0.72063452199198, -0.744612423112369, -1.61061160474301, -1.02150772575044, 
-1.4356405728946, 1.69103540066368, -2.35353897993986, -0.869108606645439, 
-0.700253803672806, 0.838764810651486, 0.148946134272904, -1.53239216206258, 
-0.178466204337841, -0.160199673326128, -1.61379921485541), .Names = c("Grey.Beetle", 
"Tiny.Fly", "SkinnyBlackFly", "Microbutterfly", "Syrphid.Fly", 
"BrightGreenFly", "HoneyBee", "BigBlackFly", "OrangeYellowHairyBee", 
"BlackGreyFly", "HumpbackFly", "RedBlackFly", "FruitFly", "BlackOrangeButterfly", 
"SkinnyBee", "BlackWhiteFly", "LargeHairyFly", "BlackYellowFly", 
"GreyMoth", "BrownFly"))), .Names = c("obs", "ci", "cj"))
